001104  001320  001742  001743  002400  002773  005152  006723  010136  014135  014517  014602  014603  014772  017746  
020603  023073  023074  023075  024565  024566  024567  025265  025425  025432  027636  030067  030070  030071  030072  
030073  030116  030422  030423  030737  030751  031006  031016  031157  031160  031161  031162  031163  031173  031513  
031514  031515  031552  031554  031645  032003  032004  032005  032024  032211  032315  032401  032402  032404  033302  
033443  033607  033636  033646  034305  034636  034724  034757  035022  035023  036006  036007  036010  036011  036142  
036157  036160  036227  036371  036405  036406  036577  036773  037010  037220  037327  037470  037471  037661  037663  
037723  037724  040121  040252  040347  040407  040415  040573  040575  040620  041244  041245  041466  041676  042552  
042553  042612  042613  042614  043067  043070  043071  043104  043113  043426  043427  043430  043431  043432  043433  
043434  043435  043445  043446  043447  056366  056367  065101  065102  110414  110415  110416  110417  110420  110421  
110422  110423  110424  110425  110426  110427  110430  110431  110432  110433  110434  110435  110436  110437  110440  
110441  110442  110443  110444  110445  110446  110447  110450  110451  110452  110453  110454  110455  110456  110457  
110460  110461  110462  110463  110464  110465  110466  110467  110470  110471  110472  110473  110474  110475  110476  
110477  110500  110501  110502  110503  111433  111434  111435  111436  111437  111440  111441  111442  111443  111444  
111445  111446  111447  111450  111451  111452  111453  111454  111455  111456  111457  111460  111461  111462  111463  
111464  111465  111466  111467  111470  111471  111472  111473  111474  111475  111476  111477  111500  111501  111502  
111503  111504  111505  111506  111507  111510  111511  111512  111513  111514  111515  111516  111517  111520  111521  
111522  111523  111524  111525  111526  111527  111530  111531  111532  111533  112115  114151  115021  117557  123713  
125110  125230  125414  125415  125421  125604  126252  126373  126723  127306  132020  132021  132022  132415  132416  
132417  132420  132572  133262  133263  133264  133265  133266  133267  133270  133271  133272  133612  133613  133614  
133615  133616  133617  133620  133621  133622  133623  133624  133625  133626  133627  133630  133631  133632  133633  
133634  133635  133636  133637  133640  133641  133642  134135  134641  136233  136234  136235  136236  136237  136240  
136241  136242  136243  136244  136730  137043  137044  137126  137222  137223  137224  137225  137226  137227  137230  
137231  137232  137233  137234  137235  137236  137237  137240  137241  137260  137262  137435  137444  137445  137446  
137447  137450  137451  137452  137453  137454  137455  137456  137457  137460  137461  137462  137463  137464  137465  
137466  137467  137470  137471  137472  137473  137474  137475  137476  137477  137562  137563  137564  137565  137637  
140361  140362  140363  140364  140365  140366  140367  140370  140371  140372  140373  140537  140725  141117  141120  
141121  141122  141123  142625  143111  143220  143551  143552  143553  143554  143555  143556  143557  143560  143561  
143562  143563  143564  143565  143566  143567  143570  143571  143572  143573  143574  143575  143576  143577  143600  
143601  143602  143603  143604  143605  143606  143662  143663  143664  143665  143666  144035  144405  144406  144407  
144410  144411  144412  144413  144414  144415  144416  144417  144420  144421  144422  144423  144424  144425  144426  
144427  144430  144431  144432  144433  144434  144435  144436  144437  144440  144441  144442  144443  144444  144445  
144446  144447  144450  144451  144452  144453  144454  144455  144456  144457  144460  144461  144462  144463  144464  
144465  144466  144467  144470  144471  144472  144473  145033  146236  146237  146240  146241  146242  146243  146244  
146245  146246  146247  146250  146251  146252  146253  146254  146255  146256  146304  146456  147004  147005  147461  
147462  147463  147464  147465  147466  147467  147470  147471  147472  147473  147474  147475  147476  147477  147500  
147501  147502  147503  147504  147505  151207  151210  151211  151212  151213  151214  151215  151216  151217  151220  
151221  151222  151223  151224  151225  151226  151227  151230  151231  151232  151233  151234  151235  151236  151536  
151710  151711  153166  155612  156116  156117  156120  156121  156122  156123  156124  156125  156126  156127  156130  
156131  156132  156133  156510  156511  156512  156513  156514  156515  156516  156517  175414  175741  175742  175743  
175744  206372  206537  206540  206541  206617  207070  207150  207163  207170  207216  207232  207234  207235  207243  
207370  207371  207373  207423  207663  210321  210460  210566  210641  210662  211024  211121  211152  211243  211246  
211345  211460  211506  211522  211527  211617  211637  212356  212357  212374  212756  213310  214011  214033  214034  
214437  214440  214474  214641  214653  214667  215257  215267  215445  215457  215635  215640  216000  216015  216016  
216042  216052  216100  216117  216320  216321  216470  216535  216564  216745  216763  216765  217020  217146  217173  
217222  217231  217301  217303  217305  217306  217420  217610  217660  217767  220020  220021  220135  220173  220234  
220271  220301  220302  220313  220315  220334  220416  220431  220446  220463  220620  220752  221052  221054  221261  
221271  221301  221302  221303  221304  221454  221456  221457  221522  221577  221644  221675  221677  221703  221750  
221775  222041  222126  222160  222311  222353  222405  222406  222470  222570  222672  222677  222700  222701  222702  
222706  223114  223115  223121  223127  223414  223415  223416  223420  223727  224003  224177  224212  224353  224354  
224355  224516  224601  224672  224673  224674  224675  224714  224756  224757  225057  225110  225210  225211  225225  
225226  225232  225306  225307  225367  225370  225371  225372  225373  225534  225705  226044  226112  226125  226221  
226300  226332  226421  226434  226537  226540  226550  226624  226630  226632  227211  227414  227430  227764  230475  
230476  230477  230500  230503  233434  233435  233437  233643  233644  234050  234051  234224  234225  234226  234722  
237355  240644  242063  242125  242126  243500  244027  244030  244071  244237  244633  245605  245611  245612  246034  
246035  246155  246332  246333  246567  246732  247253  247572  247767  250321  250322  250323  250550  251113  251254  
251667  252224  253172  253173  253203  253204  253205  253277  254255  254304  254305  254306  254307  255110  255406  
255407  257327  261025  261026  261027  261030  261031  261037  261040  261041  261042  261043  261046  261047  261050  
261051  261052  261053  261054  261055  261056  261057  261060  261061  261136  261137  261140  261141  261142  261152  
261625  262021  262022  262023  262032  262033  262034  262036  262037  262040  262041  262042  262043  262044  262045  
262046  262047  262050  262051  262052  262060  262073  262101  262111  262127  262226  262227  262421  262441  262442  
262443  263101  263104  263332  263537  263540  263541  263542  264201  264400  265750  266214  267007  267074  267075  
267076  267077  267100  267105  270761  273401  273444  273614  274707  275204  275207  275212  275215  275227  276427  
276661  276662  276663  276664  276665  276666  276667  276670  276671  276672  276673  276674  276675  276676  276677  
276701  276702  276703  276723  276760  277165  277632  277633  277634  277655  277722  300444  300470  300552  300571  
301100  301400  301745  302256  303327  303330  303331  303332  303333  303334  303414  303572  304225  304226  304467  
304504  304657  304660  304661  304675  305060  305320  306155  312224  312437  313761  314173  314542  316240  316241  
316242  316243  316244  316245  316246  316247  316250  316251  316252  316253  316254  316255  316256  316257  316260  
316261  316262  316263  316264  316265  316266  316267  316270  316271  316272  316273  316274  316275  316276  316277  
316300  316301  316302  316303  316304  316305  316306  316307  316310  316311  316312  316313  316314  316315  316316  
316317  316320  316321  316322  316323  316324  316325  316326  316327  316412  316413  316414  316415  316416  316417  
316420  316421  316422  320437  320440  320441  320442  320443  320444  320445  320446  320447  320450  320451  320452  
320453  320454  320455  320456  320457  320460  320461  320462  320463  323102  325245  325667  325670  326240  326241  
327045  327046  327047  327050  327051  327052  327053  327054  327055  327056  327057  327060  327061  327062  327063  
327064  327065  327066  327067  327070  327071  327072  327073  327074  327075  327076  327077  327100  327101  327102  
327103  327104  327105  327106  327107  327110  327111  327112  327113  327114  327115  327116  327117  327120  327121  
327122  327123  327124  327125  327126  327127  327130  327131  327132  327133  327134  327135  327136  327137  327140  
327141  327142  327143  327144  327145  327146  327147  327150  327151  327152  327153  327646  327647  327650  327651  
327652  327653  327654  332323  332772  335115  335255  335256  335257  335260  335261  335262  335263  335264  335265  
335266  335267  335270  335271  335272  335273  335274  335275  335276  335277  335300  335301  335302  335303  335304  
335305  335306  335307  335310  335311  335312  335313  335314  335523  335524  335525  335526  335527  335530  335531  
335532  335533  335617  335621  336014  336015  336023  336024  336271  336402  336403  336404  336537  336540  336541  
336542  336543  336544  336545  336546  336547  336550  336551  336552  336553  336554  336555  336556  336557  336560  
336561  336562  336563  336564  336565  336566  336567  336630  336752  337046  337131  337132  337133  337134  337135  
337136  337137  337140  337141  337142  337143  337270  337271  337272  337273  337274  337275  337276  337633  340026  
340027  340030  340031  340032  340033  340034  340035  340036  340037  340040  340041  340042  340043  414244  414727  
415102  415426  415523  416051  416305  416503  417034  417203  417652  417773  420066  420425  421344  421434  421722  
421772  422174  422203  422337  422346  422357  422531  422560  423042  423276  423356  423573  424253  424276  426633  
426634  427005  427100  427105  430176  430412  432150  432255  432360  432614  432756  433003  433005  433006  433203  
433227  434272  434273  434523  435061  435113  435214  435307  435640  436004  436106  436107  436506  437052  437053  
437054  437770  440163  440344  441215  441377  442130  442763  443203  443210  443542  443675  444042  444077  444245  
444405  444442  444544  444604  445137  445463  445627  446126  446127  450614  450615  451111  451112  451343  451605  
451765  452203  452373  452430  452776  452777  453000  453117  453344  453523  454005  454250  454531  455004  455213  
455363  455543  455544  455545  455546  456037  456221  456224  456225  456440  456601  457421  457766  460216  462232  
465513  465533  473014  473017  473020  473715  473722  474172  474755  475741  476560  476577  476604  476605  476607  
477115  477262  500617  501600  502072  503071  503077  503421  503424  503425  503426  503427  504416  504420  504421  
504422  504423  504503  507756  507762  507763  510240  511137  515047  515060  515062  515207  515222  515257  515260  
515261  515262  516014  516405  516406  516407  516410  521446  521447  521450  521451  521454  522152  522153  522154  
522157  522160  522346  522347  522365  522366  522367  522370  522371  522372  522373  522374  522375  522376  522377  
522400  522413  523553  523554  523555  523556  523603  523612  523614  523615  523616  523617  523620  523621  523622  
523630  523631  523632  523636  523640  523641  523642  523733  523734  524252  524253  524254  524255  524256  524257  
524260  524261  524262  524263  524264  524265  524266  524267  524270  524271  524272  524273  524274  524275  524276  
524277  524300  524301  524302  524303  524304  524305  524306  524307  524310  524311  524312  524313  524314  524315  
524316  524317  524320  524321  524322  524323  524324  524325  524326  524327  524330  524331  524332  524333  524334  
524335  524336  524337  524340  524341  524342  524343  524344  524345  524346  524347  524350  524351  524352  524353  
524354  524355  524356  524357  524360  524361  524362  524363  524364  524365  524366  524367  524370  524371  524372  
524373  525173  525174  525175  525176  525177  525200  525201  525202  525203  525204  525205  525206  525207  525210  
525211  525212  525213  525214  525215  525216  525217  525220  525221  525222  525223  525224  525225  525226  525227  
525230  525231  525232  525233  525234  525235  525236  525237  525240  525241  535724  535725  535726  535727  535730  
535731  535732  535733  535734  535735  535736  535737  535740  535741  535742  535743  535744  535745  535746  535747  
535750  535751  535752  535753  535754  535755  535756  535757  536107  536110  536111  536112  536113  536254  536255  
536256  536257  536260  536261  543117  544132  545677  546045  547144  547145  547146  547147  547150  547151  624750  
624751  624752  624753  624754  624755  624756  624757  624760  624761  624762  624763  630647  631346  635606  637337  
647010  656065  657700  662202  662541  663057  663305  663306  664260  664261  664262  664264  664265  664266  666305  
666311  667324  667325  667326  667327  667330  667331  667332  667333  667334  667335  667336  670237  670240  670371  
670372  670373  670374  670375  670376  670377  670400  670401  670402  670403  670404  670405  670406  670407  670410  
670411  670412  670413  670414  670415  670416  670417  670720  671443  673540  673723  674412  674413  674414  675072  
675073  676165  676742  676743  676744  677572  677573  677574  677724  700111  700112  700113  700114  700115  700116  
700117  700120  700121  700122  700123  701033  701212  701356  701357  703127  703305  703633  703634  704022  704023  
704165  704404  704405  704406  704407  704410  704411  704412  704413  704414  704415  704416  704417  704420  704577  
704600  704601  705010  705011  705163  705330  705331  705332  705333  705511  706126  706127  706527  706705  707117  
707433  707605  707606  707607  710266  727227  767517  767520  767521  767712  770565  771075  771225  771400  771401  
771402  771403  771404  771405  771406  771407  771410  771411  771412  771413  771414  771415  771416  771417  771420  
771421  771422  771423  771424  771425  771426  771427  771430  771431  771432  771433  771434  771435  771436  771437  
771440  771441  771442  771443  771444  771445  771446  771447  771450  771451  771452  771453  771454  771455  771456  
771457  771460  771461  771462  771463  771464  771465  771466  771467  771470  1023170  1023674  1023675  1164324  1165104  
1165105  1165106  1165107  1165110  1170755  1171304  1222665  1225472  1225666  1225667  1226006  1226007  1226010  1226011  1226012  
1226013  1226014  1226015  1226016  
TOTAL NUMBER OF LOST PAGES = 1894.


